# void ID, ellip, eig(1), eig(2), eig(3), eigv(1)-x, eiv(1)-y, eigv(1)-z, eigv(2)-x, eigv(2)-y, eigv(2)-z, eigv(3)-x, eigv(3)-y, eigv(3)-z
2490 0.097431 6.88e+06 4.57e+06 5.55e+06 4.21e-01 8.44e-01 3.32e-01 8.79e-01 -4.70e-01 8.11e-02 -2.25e-01 -2.57e-01 9.40e-01
2654 0.099728 1.27e+06 1.50e+06 1.93e+06 9.89e-01 1.41e-01 4.04e-02 -5.79e-02 6.27e-01 -7.77e-01 1.35e-01 -7.66e-01 -6.29e-01
1832 0.079708 5.83e+06 5.30e+06 4.18e+06 8.81e-01 -4.72e-01 -2.04e-02 -4.36e-01 -8.30e-01 3.47e-01 1.81e-01 2.97e-01 9.38e-01
1811 0.068364 9.38e+05 7.98e+05 7.06e+05 5.96e-01 7.85e-01 -1.68e-01 3.60e-01 -4.49e-01 -8.18e-01 7.18e-01 -4.27e-01 5.50e-01
3358 0.121098 1.75e+06 2.62e+06 2.93e+06 7.52e-01 -6.14e-01 -2.42e-01 -6.59e-01 -7.15e-01 -2.34e-01 2.91e-02 -3.35e-01 9.42e-01
509 0.059182 7.64e+05 9.75e+05 9.08e+05 2.23e-01 -9.30e-01 2.91e-01 2.02e-01 -2.48e-01 -9.48e-01 -9.54e-01 -2.70e-01 -1.32e-01
1054 0.132918 3.51e+05 6.21e+05 5.71e+05 -4.75e-01 8.56e-01 -2.03e-01 6.63e-01 5.00e-01 5.57e-01 -5.79e-01 -1.30e-01 8.05e-01
338 0.101360 1.19e+06 1.68e+06 1.83e+06 1.79e-01 -9.26e-01 3.34e-01 -9.80e-01 -1.98e-01 -2.18e-02 -8.61e-02 3.23e-01 9.42e-01
2082 0.164253 4.69e+06 8.51e+06 9.62e+06 3.24e-02 -9.99e-01 4.00e-02 -6.23e-01 1.11e-02 7.83e-01 7.82e-01 5.03e-02 6.21e-01
3304 0.059666 1.20e+06 1.48e+06 1.53e+06 -2.82e-01 9.51e-01 -1.28e-01 9.18e-01 3.06e-01 2.51e-01 -2.78e-01 4.61e-02 9.59e-01
725 0.087607 1.38e+05 9.55e+04 1.16e+05 8.51e-01 -5.21e-01 6.34e-02 -1.84e-01 -4.09e-01 -8.94e-01 -4.92e-01 -7.49e-01 4.43e-01
2874 0.194493 1.26e+05 2.85e+05 2.98e+05 6.94e-01 -6.93e-01 -1.95e-01 -6.93e-01 -7.16e-01 8.06e-02 1.95e-01 -7.93e-02 9.77e-01
3106 0.090806 1.07e+06 1.32e+06 1.57e+06 9.68e-01 -2.37e-01 7.66e-02 -1.89e-01 -5.00e-01 8.45e-01 1.62e-01 8.33e-01 5.29e-01
2115 0.190929 7.45e+05 6.87e+05 3.19e+05 8.60e-01 5.10e-01 -5.18e-03 5.05e-01 -8.51e-01 1.47e-01 -7.06e-02 1.29e-01 9.89e-01
1344 0.132212 1.64e+06 2.30e+06 2.90e+06 -5.49e-01 -6.48e-01 5.28e-01 4.69e-01 2.84e-01 8.36e-01 6.92e-01 -7.06e-01 -1.48e-01
2211 0.167396 3.02e+06 5.51e+06 6.28e+06 8.56e-01 4.71e-01 -2.10e-01 4.41e-01 -4.56e-01 7.73e-01 -2.69e-01 7.55e-01 5.98e-01
2017 0.144662 9.50e+05 1.62e+06 1.78e+06 8.75e-01 -4.55e-01 -1.65e-01 -3.49e-01 -3.57e-01 -8.66e-01 -3.36e-01 -8.16e-01 4.71e-01
1283 0.080061 5.05e+06 3.62e+06 4.21e+06 -5.56e-01 -8.30e-01 4.63e-02 -8.27e-01 5.58e-01 6.57e-02 8.04e-02 1.80e-03 9.97e-01
2298 0.123827 1.04e+06 1.58e+06 1.76e+06 -1.73e-01 -7.79e-01 6.02e-01 9.78e-01 -6.57e-02 1.96e-01 1.13e-01 -6.23e-01 -7.74e-01
3421 0.210652 3.18e+06 7.41e+06 8.20e+06 -3.28e-01 9.07e-01 -2.64e-01 9.40e-01 2.88e-01 -1.82e-01 8.93e-02 3.08e-01 9.47e-01
3324 0.112106 1.31e+06 2.10e+06 1.71e+06 6.97e-01 -7.02e-01 1.45e-01 -7.02e-01 -6.26e-01 3.40e-01 1.48e-01 3.39e-01 9.29e-01
1108 0.115231 4.58e+05 5.91e+05 7.48e+05 8.39e-01 -5.27e-01 1.38e-01 -4.87e-01 -6.11e-01 6.25e-01 2.45e-01 5.91e-01 7.69e-01
3121 0.084400 3.57e+06 5.08e+06 4.29e+06 9.54e-01 -1.89e-01 2.34e-01 -1.21e-01 4.70e-01 8.75e-01 2.75e-01 8.62e-01 -4.25e-01
1518 0.130572 9.97e+05 1.74e+06 1.67e+06 6.74e-01 7.30e-01 -1.11e-01 7.10e-01 -6.00e-01 3.69e-01 -2.03e-01 3.27e-01 9.23e-01
238 0.085339 7.41e+05 9.84e+05 1.06e+06 8.74e-01 -3.35e-01 3.53e-01 -3.00e-03 -7.29e-01 -6.84e-01 -4.86e-01 -5.97e-01 6.38e-01
3242 0.120859 8.37e+05 1.40e+06 1.31e+06 -5.65e-01 6.56e-01 4.99e-01 7.58e-01 6.52e-01 1.66e-03 3.24e-01 -3.80e-01 8.66e-01
3398 0.088527 2.96e+05 2.46e+05 2.05e+05 5.61e-01 -7.57e-01 -3.36e-01 -7.72e-01 -3.30e-01 -5.44e-01 -3.01e-01 -5.64e-01 7.69e-01
1288 0.153364 4.99e+05 3.49e+05 2.56e+05 7.16e-01 -6.83e-01 -1.41e-01 -6.97e-01 -7.11e-01 -9.51e-02 3.54e-02 -1.66e-01 9.85e-01
1780 0.121605 3.34e+05 5.61e+05 5.05e+05 -4.67e-01 8.83e-01 5.39e-02 8.23e-01 4.56e-01 -3.39e-01 3.24e-01 1.14e-01 9.39e-01
2385 0.118587 1.81e+05 2.99e+05 2.55e+05 -1.31e-01 -9.44e-01 3.01e-01 6.40e-01 1.51e-01 7.53e-01 7.57e-01 -2.92e-01 -5.85e-01
1963 0.108806 1.08e+06 1.44e+06 1.71e+06 7.98e-01 4.18e-01 4.35e-01 5.57e-01 -2.33e-01 -7.98e-01 2.32e-01 -8.78e-01 4.18e-01
1414 0.128007 5.94e+05 1.03e+06 8.83e+05 -4.65e-01 8.84e-01 4.58e-02 8.77e-01 4.67e-01 -1.16e-01 1.24e-01 1.36e-02 9.92e-01
3178 0.067089 2.84e+05 2.15e+05 2.51e+05 -8.35e-01 -5.18e-01 1.84e-01 -5.12e-01 6.09e-01 -6.07e-01 -2.02e-01 6.01e-01 7.73e-01
2814 0.126109 2.64e+05 3.66e+05 4.52e+05 5.14e-01 7.42e-01 4.30e-01 7.55e-01 -1.54e-01 -6.37e-01 4.07e-01 -6.52e-01 6.40e-01
1932 0.120359 1.88e+06 3.14e+06 3.04e+06 -6.57e-01 5.62e-01 5.03e-01 7.36e-01 3.32e-01 5.90e-01 -1.64e-01 -7.58e-01 6.31e-01
1654 0.134094 4.72e+05 7.80e+05 8.40e+05 2.28e-01 8.97e-01 -3.80e-01 8.43e-01 1.34e-02 5.38e-01 -4.87e-01 4.43e-01 7.53e-01
2964 0.106758 5.78e+05 7.97e+05 9.08e+05 4.02e-01 8.60e-01 3.15e-01 9.15e-01 -3.76e-01 -1.43e-01 4.77e-03 -3.46e-01 9.38e-01
1585 0.152936 1.71e+06 3.31e+06 2.80e+06 4.93e-01 6.91e-01 5.30e-01 7.96e-01 -6.03e-01 4.63e-02 -3.51e-01 -3.99e-01 8.47e-01
262 0.093467 1.13e+06 1.67e+06 1.60e+06 9.41e-01 -3.36e-01 -2.92e-02 -2.16e-01 -6.67e-01 7.13e-01 2.59e-01 6.65e-01 7.00e-01
1992 0.109389 3.83e+05 6.09e+05 5.57e+05 9.22e-01 -3.77e-01 -8.84e-02 -3.11e-01 -5.82e-01 -7.51e-01 -2.32e-01 -7.20e-01 6.54e-01
1660 0.154602 9.09e+05 9.75e+05 4.98e+05 8.99e-01 -4.36e-01 -3.34e-02 -3.99e-01 -7.87e-01 -4.71e-01 -1.79e-01 -4.37e-01 8.82e-01
1715 0.066660 1.39e+06 1.62e+06 1.83e+06 2.80e-01 -9.44e-01 -1.74e-01 -9.36e-01 -3.09e-01 1.71e-01 2.15e-01 -1.15e-01 9.70e-01
194 0.052507 8.24e+05 6.64e+05 7.20e+05 9.43e-01 3.17e-01 1.03e-01 4.25e-02 -4.22e-01 9.06e-01 -3.31e-01 8.49e-01 4.11e-01
1643 0.168932 7.04e+05 1.44e+06 1.48e+06 -4.23e-01 7.81e-01 -4.59e-01 8.83e-01 4.68e-01 -1.70e-02 -2.02e-01 4.13e-01 8.88e-01
1841 0.077471 2.08e+05 2.22e+05 2.87e+05 8.18e-01 5.70e-01 -7.94e-02 5.64e-01 -7.67e-01 3.06e-01 -1.13e-01 2.95e-01 9.49e-01
2028 0.164269 4.42e+05 8.76e+05 9.07e+05 -3.94e-01 9.13e-01 -1.10e-01 8.13e-02 -8.49e-02 -9.93e-01 9.16e-01 4.00e-01 4.08e-02
206 0.080578 2.28e+06 3.19e+06 2.93e+06 8.55e-01 -4.47e-01 2.64e-01 -3.79e-01 -8.85e-01 -2.72e-01 -3.55e-01 -1.33e-01 9.25e-01
435 0.129084 1.25e+06 1.96e+06 2.18e+06 3.92e-01 -9.19e-01 -4.08e-02 -6.34e-01 -2.38e-01 -7.36e-01 -6.67e-01 -3.14e-01 6.76e-01
1943 0.165140 3.08e+05 2.64e+05 1.50e+05 4.04e-01 -9.07e-01 -1.19e-01 -9.14e-01 -3.94e-01 -1.00e-01 -4.43e-02 -1.49e-01 9.88e-01
2981 0.154160 1.02e+06 1.99e+06 1.68e+06 8.92e-01 -4.18e-01 -1.72e-01 -4.51e-01 -8.03e-01 -3.89e-01 -2.46e-02 -4.24e-01 9.05e-01
2045 0.140305 1.62e+05 2.57e+05 2.97e+05 1.99e-01 -9.12e-01 3.58e-01 9.69e-01 1.30e-01 -2.08e-01 -1.43e-01 -3.88e-01 -9.10e-01
2658 0.087459 1.22e+06 1.68e+06 1.76e+06 8.60e-01 -4.94e-01 -1.24e-01 -4.12e-02 1.74e-01 -9.84e-01 -5.08e-01 -8.52e-01 -1.29e-01
356 0.117413 5.60e+05 8.86e+05 9.23e+05 -3.52e-01 9.18e-01 -1.83e-01 8.60e-01 3.95e-01 3.23e-01 -3.69e-01 4.33e-02 9.28e-01
3271 0.161629 1.24e+06 2.31e+06 2.51e+06 4.20e-01 7.52e-01 5.07e-01 1.67e-01 4.85e-01 -8.58e-01 8.92e-01 -4.45e-01 -7.86e-02
3018 0.218778 1.76e+06 4.11e+06 4.71e+06 -1.88e-01 8.98e-01 -3.97e-01 3.88e-01 -3.03e-01 -8.70e-01 9.02e-01 3.18e-01 2.92e-01
1558 0.057605 1.70e+05 2.16e+05 1.98e+05 -3.49e-01 7.97e-01 4.93e-01 6.11e-01 5.93e-01 -5.25e-01 7.11e-01 -1.18e-01 6.94e-01
1719 0.169436 4.02e+05 8.45e+05 7.53e+05 -5.42e-01 7.99e-01 -2.59e-01 7.79e-01 5.94e-01 2.01e-01 -3.14e-01 9.27e-02 9.45e-01
2452 0.102243 1.14e+06 1.66e+06 1.75e+06 4.47e-01 7.56e-01 4.78e-01 4.42e-01 2.78e-01 -8.53e-01 7.78e-01 -5.92e-01 2.10e-01
158 0.062514 4.38e+06 3.38e+06 3.56e+06 7.67e-01 5.47e-01 3.36e-01 3.60e-01 6.68e-02 -9.31e-01 5.32e-01 -8.34e-01 1.45e-01
415 0.097974 4.55e+05 6.88e+05 6.68e+05 -7.12e-01 6.95e-01 1.01e-01 3.11e-01 1.83e-01 9.33e-01 -6.29e-01 -6.95e-01 3.46e-01
3191 0.053973 2.13e+06 1.71e+06 1.96e+06 9.77e-01 -9.90e-02 1.91e-01 -1.47e-01 3.42e-01 9.28e-01 1.57e-01 9.35e-01 -3.19e-01
1690 0.088734 6.33e+05 5.13e+05 4.37e+05 7.76e-01 -6.14e-01 1.42e-01 -3.52e-02 1.82e-01 9.83e-01 6.29e-01 7.68e-01 -1.20e-01
3225 0.130989 1.71e+06 3.00e+06 2.80e+06 -4.54e-01 -7.19e-01 5.26e-01 6.47e-01 1.40e-01 7.50e-01 6.13e-01 -6.80e-01 -4.01e-01
2710 0.098368 5.27e+05 7.58e+05 7.98e+05 7.22e-01 -5.18e-01 -4.59e-01 -3.62e-01 2.83e-01 -8.88e-01 -5.90e-01 -8.07e-01 -1.67e-02
869 0.116343 5.32e+05 8.73e+05 8.47e+05 9.37e-01 -3.48e-01 -4.35e-02 -3.49e-01 -9.16e-01 -1.97e-01 -2.86e-02 -1.99e-01 9.80e-01
3247 0.074337 6.42e+05 8.75e+05 7.77e+05 9.55e-01 -2.80e-01 9.87e-02 -2.69e-01 -6.75e-01 6.88e-01 1.26e-01 6.83e-01 7.19e-01
3364 0.104909 1.63e+06 2.54e+06 2.26e+06 5.49e-01 6.81e-01 4.84e-01 8.30e-01 -5.12e-01 -2.20e-01 -9.80e-02 -5.23e-01 8.47e-01
231 0.120893 4.79e+05 3.93e+05 2.86e+05 3.86e-01 -8.81e-01 2.74e-01 8.01e-01 4.67e-01 3.75e-01 4.59e-01 -7.48e-02 -8.85e-01
690 0.160104 5.26e+06 9.15e+06 1.06e+07 9.03e-01 -4.12e-01 1.25e-01 -4.30e-01 -8.63e-01 2.66e-01 1.41e-03 2.94e-01 9.56e-01
718 0.091479 9.90e+05 8.99e+05 6.75e+05 9.67e-01 2.44e-01 6.83e-02 2.03e-01 -5.87e-01 -7.83e-01 1.51e-01 -7.72e-01 6.18e-01
2515 0.109575 1.27e+06 2.02e+06 1.67e+06 9.57e-01 -2.07e-01 2.02e-01 2.27e-02 -6.43e-01 -7.66e-01 -2.88e-01 -7.38e-01 6.11e-01
813 0.084796 6.50e+05 4.56e+05 5.43e+05 7.00e-01 6.35e-01 -3.26e-01 1.21e-01 -5.56e-01 -8.22e-01 7.03e-01 -5.36e-01 4.66e-01
1991 0.128310 1.19e+06 2.07e+06 1.89e+06 4.51e-01 8.90e-01 -6.58e-02 8.89e-01 -4.54e-01 -6.12e-02 8.44e-02 3.09e-02 9.96e-01
1515 0.107013 3.28e+05 2.09e+05 2.34e+05 9.50e-01 2.53e-01 1.84e-01 3.05e-01 -6.18e-01 -7.25e-01 6.95e-02 -7.45e-01 6.64e-01
2468 0.144042 7.89e+05 1.42e+06 1.47e+06 7.39e-01 -5.91e-01 -3.23e-01 -6.67e-01 -7.10e-01 -2.25e-01 9.67e-02 -3.82e-01 9.19e-01
1707 0.173713 6.72e+05 1.44e+06 1.30e+06 9.87e-01 -1.44e-01 7.61e-02 -1.63e-01 -9.07e-01 3.87e-01 -1.31e-02 3.94e-01 9.19e-01
3343 0.083597 2.45e+05 3.48e+05 3.17e+05 5.14e-01 7.21e-01 4.64e-01 9.63e-02 -5.86e-01 8.04e-01 -8.53e-01 3.68e-01 3.71e-01
2265 0.122220 1.04e+06 1.76e+06 1.55e+06 8.22e-01 5.69e-01 -1.84e-02 1.72e-01 -2.79e-01 -9.45e-01 5.43e-01 -7.73e-01 3.27e-01
3377 0.143985 6.86e+05 1.17e+06 1.28e+06 5.13e-01 8.34e-01 -2.03e-01 8.58e-01 -4.86e-01 1.67e-01 -4.06e-02 2.60e-01 9.65e-01
2306 0.101267 1.57e+06 1.02e+06 1.20e+06 8.94e-01 4.19e-01 -1.60e-01 3.95e-01 -9.04e-01 -1.62e-01 2.12e-01 -8.19e-02 9.74e-01
1287 0.080118 5.57e+05 7.05e+05 7.78e+05 4.87e-01 -8.54e-01 -1.85e-01 -6.69e-01 -5.01e-01 5.49e-01 5.61e-01 1.43e-01 8.15e-01
2975 0.052363 1.45e+06 1.31e+06 1.17e+06 8.72e-01 -4.79e-01 1.02e-01 -2.38e-01 -5.97e-01 -7.66e-01 -4.27e-01 -6.44e-01 6.34e-01
1104 0.135394 3.60e+05 5.71e+05 6.45e+05 7.14e-01 6.26e-01 -3.14e-01 6.98e-01 -6.65e-01 2.64e-01 4.31e-02 4.08e-01 9.12e-01
1055 0.081766 1.52e+05 1.76e+05 1.25e+05 9.90e-01 1.38e-01 -1.57e-02 1.32e-01 -9.72e-01 -1.95e-01 4.22e-02 -1.91e-01 9.81e-01
143 0.088753 1.74e+06 1.44e+06 1.20e+06 4.05e-01 9.10e-01 -9.14e-02 5.49e-01 -1.62e-01 8.20e-01 -7.31e-01 3.82e-01 5.65e-01
1256 0.133725 2.57e+06 4.57e+06 4.54e+06 -2.05e-01 9.26e-01 3.18e-01 2.34e-01 3.62e-01 -9.03e-01 9.50e-01 1.11e-01 2.90e-01
1202 0.076288 1.49e+05 1.24e+05 1.08e+05 7.14e-01 6.68e-01 2.10e-01 1.71e-01 1.25e-01 -9.77e-01 6.79e-01 -7.33e-01 2.50e-02
1432 0.137231 5.19e+05 4.45e+05 2.88e+05 9.52e-01 3.03e-01 4.11e-02 2.02e-01 -5.20e-01 -8.30e-01 2.30e-01 -7.98e-01 5.56e-01
810 0.121723 8.83e+04 1.48e+05 1.28e+05 -5.88e-01 7.31e-01 3.48e-01 7.23e-01 6.67e-01 -1.80e-01 3.63e-01 -1.46e-01 9.20e-01
2677 0.100578 6.82e+05 1.04e+06 9.95e+05 -3.57e-01 7.14e-01 6.03e-01 7.05e-01 6.29e-01 -3.28e-01 6.13e-01 -3.08e-01 7.27e-01
2371 0.079193 2.85e+05 3.97e+05 3.69e+05 5.20e-01 7.79e-01 3.50e-01 2.39e-01 2.60e-01 -9.35e-01 8.20e-01 -5.70e-01 5.06e-02
1823 0.109520 3.96e+05 3.19e+05 2.49e+05 3.88e-01 -8.75e-01 2.89e-01 -2.99e-01 -4.16e-01 -8.59e-01 -8.72e-01 -2.47e-01 4.24e-01
1511 0.121099 4.47e+06 3.58e+06 2.67e+06 8.96e-01 -4.07e-01 -1.76e-01 6.61e-02 5.15e-01 -8.55e-01 -4.39e-01 -7.54e-01 -4.88e-01
2426 0.119313 5.02e+05 8.34e+05 7.35e+05 8.92e-01 -4.31e-01 1.38e-01 -3.69e-01 -8.69e-01 -3.30e-01 -2.62e-01 -2.44e-01 9.34e-01
1613 0.122897 4.67e+05 4.23e+05 2.77e+05 9.50e-01 -3.12e-01 5.77e-03 -1.72e-01 -5.08e-01 8.44e-01 2.61e-01 8.03e-01 5.36e-01
2788 0.206907 1.66e+05 3.82e+05 4.20e+05 3.78e-01 8.47e-01 -3.75e-01 6.60e-01 -5.30e-01 -5.33e-01 6.50e-01 4.62e-02 7.59e-01
1235 0.110302 5.90e+05 8.74e+05 9.42e+05 5.66e-01 7.89e-01 -2.38e-01 2.78e-01 8.89e-02 9.56e-01 -7.76e-01 6.08e-01 1.69e-01
1647 0.138824 4.01e+05 6.37e+05 7.30e+05 -2.90e-01 8.59e-01 4.23e-01 6.99e-01 4.92e-01 -5.19e-01 6.54e-01 -1.45e-01 7.43e-01
3063 0.134284 2.39e+05 3.78e+05 4.25e+05 2.44e-01 9.58e-01 -1.48e-01 9.35e-01 -2.73e-01 -2.28e-01 2.59e-01 8.32e-02 9.62e-01
931 0.113371 1.45e+06 8.93e+05 1.17e+06 8.76e-01 -2.57e-01 -4.08e-01 1.68e-01 -6.32e-01 7.57e-01 4.52e-01 7.31e-01 5.10e-01
2512 0.095857 2.55e+05 3.82e+05 3.37e+05 -3.74e-01 8.37e-01 -3.99e-01 7.46e-01 5.27e-01 4.08e-01 -5.52e-01 1.45e-01 8.21e-01
1655 0.225958 1.15e+07 1.21e+07 4.33e+06 8.15e-01 -5.79e-01 -1.89e-02 7.48e-02 7.27e-02 9.95e-01 5.75e-01 8.12e-01 -1.03e-01
1673 0.140749 6.81e+05 9.97e+05 1.25e+06 6.21e-01 -6.26e-01 4.72e-01 -2.86e-01 -7.41e-01 -6.08e-01 -7.30e-01 -2.43e-01 6.39e-01
2558 0.122598 1.67e+06 2.57e+06 2.82e+06 9.30e-01 -2.07e-01 3.02e-01 1.55e-01 -5.25e-01 -8.37e-01 -3.32e-01 -8.25e-01 4.57e-01
1261 0.130325 3.92e+05 6.86e+05 6.28e+05 -7.48e-01 5.69e-01 -3.42e-01 4.59e-01 7.11e-02 -8.86e-01 4.80e-01 8.19e-01 3.14e-01
1847 0.127082 1.51e+05 2.18e+05 2.60e+05 7.28e-01 -6.25e-01 2.81e-01 -2.27e-01 1.67e-01 9.59e-01 6.47e-01 7.62e-01 1.99e-02
2767 0.151409 7.57e+05 1.20e+06 1.46e+06 4.58e-01 -8.86e-01 -6.86e-02 -8.50e-01 -4.14e-01 -3.25e-01 -2.59e-01 -2.07e-01 9.43e-01
3379 0.104767 2.72e+06 3.37e+06 4.24e+06 7.14e-01 -6.50e-01 2.61e-01 6.03e-02 -3.14e-01 -9.48e-01 -6.97e-01 -6.92e-01 1.85e-01
3261 0.109426 1.50e+05 2.38e+05 2.26e+05 7.93e-01 -6.05e-01 6.73e-02 -7.14e-02 1.73e-02 9.97e-01 6.05e-01 7.96e-01 2.95e-02
1113 0.039906 5.57e+05 4.85e+05 4.73e+05 2.74e-01 8.95e-01 3.52e-01 5.88e-01 -4.45e-01 6.76e-01 -7.61e-01 -2.18e-02 6.48e-01
805 0.104671 4.77e+05 3.06e+05 3.72e+05 6.21e-01 6.73e-01 4.01e-01 7.21e-01 -2.90e-01 -6.30e-01 3.08e-01 -6.80e-01 6.65e-01
1131 0.129225 5.35e+05 7.47e+05 9.31e+05 6.85e-01 -7.13e-01 1.47e-01 -6.69e-01 -5.38e-01 5.13e-01 2.87e-01 4.50e-01 8.46e-01
2837 0.116020 2.39e+05 3.24e+05 3.91e+05 8.99e-01 4.16e-01 1.37e-01 9.89e-02 1.12e-01 -9.89e-01 4.27e-01 -9.02e-01 -5.99e-02
233 0.140754 1.89e+05 3.47e+05 3.12e+05 7.96e-01 6.05e-01 3.16e-02 1.02e-01 -8.29e-02 -9.91e-01 5.97e-01 -7.92e-01 1.28e-01
3362 0.198055 4.22e+05 9.40e+05 1.02e+06 9.20e-01 -3.86e-01 -6.62e-02 -2.47e-01 -4.42e-01 -8.62e-01 -3.04e-01 -8.10e-01 5.02e-01
2266 0.190751 1.70e+06 3.53e+06 3.97e+06 7.10e-01 -5.44e-01 -4.47e-01 -5.65e-01 -8.19e-01 9.78e-02 4.20e-01 -1.83e-01 8.89e-01
2050 0.112206 4.30e+05 6.92e+05 5.98e+05 2.38e-01 -9.64e-01 1.20e-01 -4.13e-01 1.19e-02 9.11e-01 8.79e-01 2.66e-01 3.95e-01
1543 0.127296 1.73e+06 1.26e+06 2.17e+06 9.91e-01 1.02e-01 9.15e-02 8.16e-02 -9.76e-01 2.02e-01 -1.10e-01 1.92e-01 9.75e-01
375 0.097871 3.59e+05 5.27e+05 5.42e+05 8.78e-02 -9.93e-01 7.59e-02 -8.99e-01 -4.62e-02 4.36e-01 4.29e-01 1.06e-01 8.97e-01
2916 0.125242 7.57e+05 1.07e+06 1.29e+06 1.59e-01 -9.80e-01 -1.23e-01 -8.68e-01 -7.90e-02 -4.91e-01 -4.71e-01 -1.84e-01 8.63e-01
1067 0.098836 3.75e+05 5.11e+05 5.69e+05 7.12e-01 -5.07e-01 -4.86e-01 -1.48e-01 5.69e-01 -8.09e-01 -6.87e-01 -6.48e-01 -3.30e-01
666 0.067437 2.97e+06 2.37e+06 2.25e+06 8.50e-01 5.25e-01 -4.79e-02 2.56e-01 -3.32e-01 9.08e-01 -4.61e-01 7.84e-01 4.17e-01
1082 0.169090 3.84e+05 8.06e+05 7.36e+05 9.08e-01 4.17e-01 -2.72e-02 4.26e-02 -1.57e-01 -9.87e-01 4.16e-01 -8.95e-01 1.60e-01
1117 0.066697 1.83e+06 2.08e+06 2.42e+06 6.29e-01 -7.74e-01 -7.84e-02 -7.77e-01 -6.27e-01 -5.03e-02 1.03e-02 -9.26e-02 9.96e-01
3400 0.139312 2.29e+05 4.18e+05 3.62e+05 -6.61e-01 6.83e-01 -3.12e-01 2.90e-01 -1.51e-01 -9.45e-01 6.92e-01 7.15e-01 9.82e-02
1570 0.141565 8.21e+05 1.24e+06 1.51e+06 7.92e-01 -6.07e-01 6.50e-02 -2.58e-01 -4.30e-01 -8.65e-01 -5.53e-01 -6.69e-01 4.97e-01
3278 0.095217 4.58e+05 6.22e+05 6.83e+05 4.87e-01 7.82e-01 -3.89e-01 -8.29e-01 5.55e-01 7.68e-02 -2.76e-01 -2.85e-01 -9.18e-01
1752 0.110064 4.37e+05 6.59e+05 6.97e+05 -2.68e-01 9.63e-01 -2.55e-02 6.76e-01 1.69e-01 -7.17e-01 6.86e-01 2.09e-01 6.97e-01
694 0.146684 5.04e+06 3.92e+06 2.67e+06 3.98e-01 9.04e-01 1.53e-01 -2.11e-01 2.53e-01 -9.44e-01 8.93e-01 -3.44e-01 -2.91e-01
2006 0.076833 3.11e+05 2.74e+05 2.26e+05 5.11e-01 8.26e-01 2.38e-01 8.31e-01 -4.03e-01 -3.83e-01 2.20e-01 -3.93e-01 8.93e-01
2095 0.090628 3.12e+05 4.30e+05 4.56e+05 9.50e-01 2.61e-01 -1.72e-01 -2.68e-01 3.96e-01 -8.78e-01 1.61e-01 -8.80e-01 -4.46e-01
2795 0.178750 3.74e+05 6.65e+05 8.21e+05 3.86e-01 9.19e-01 7.74e-02 3.38e-01 -2.19e-01 9.15e-01 -8.59e-01 3.27e-01 3.95e-01
2007 0.147862 4.35e+05 7.73e+05 8.25e+05 8.82e-01 4.55e-01 1.26e-01 4.62e-01 -7.76e-01 -4.29e-01 9.75e-02 -4.36e-01 8.95e-01
3108 0.121622 4.29e+05 7.20e+05 6.74e+05 2.18e-01 7.83e-01 5.83e-01 -2.67e-01 -5.27e-01 8.07e-01 -9.39e-01 3.31e-01 -9.42e-02
1796 0.142307 4.68e+05 8.65e+05 8.29e+05 -6.10e-01 7.37e-01 -2.92e-01 1.01e-01 -2.94e-01 -9.51e-01 7.86e-01 6.09e-01 -1.05e-01
2005 0.090179 2.61e+05 2.10e+05 1.79e+05 7.11e-01 -6.18e-01 -3.35e-01 -1.71e-01 3.09e-01 -9.35e-01 -6.82e-01 -7.23e-01 -1.14e-01
1263 0.111599 4.33e+05 6.95e+05 6.48e+05 -8.60e-02 9.42e-01 3.24e-01 8.08e-01 -1.25e-01 5.76e-01 -5.83e-01 -3.11e-01 7.50e-01
875 0.100108 3.17e+05 2.08e+05 2.41e+05 5.78e-01 7.57e-01 3.04e-01 5.44e-01 -8.06e-02 -8.35e-01 6.08e-01 -6.48e-01 4.59e-01
530 0.119951 1.93e+05 1.60e+05 1.16e+05 6.01e-01 7.34e-01 3.14e-01 7.99e-01 -5.65e-01 -2.08e-01 -2.45e-02 -3.76e-01 9.26e-01
303 0.157441 4.14e+05 8.22e+05 7.20e+05 9.33e-01 -2.83e-01 2.24e-01 -3.46e-01 -5.20e-01 7.81e-01 1.05e-01 8.06e-01 5.83e-01
2920 0.092727 3.10e+06 3.92e+06 4.58e+06 9.25e-01 3.69e-01 -8.97e-02 3.74e-01 -9.27e-01 3.49e-02 7.03e-02 6.58e-02 9.95e-01
1380 0.076347 8.95e+04 7.78e+04 6.51e+04 8.66e-01 4.94e-01 7.29e-02 7.14e-03 1.34e-01 -9.91e-01 5.00e-01 -8.59e-01 -1.12e-01
706 0.095817 1.74e+06 2.34e+06 2.61e+06 8.94e-01 -4.35e-01 -1.05e-01 -2.12e-01 -2.06e-01 -9.55e-01 -3.94e-01 -8.77e-01 2.76e-01
2346 0.119402 1.23e+06 1.59e+06 2.04e+06 4.68e-01 8.19e-01 -3.31e-01 -8.57e-01 5.13e-01 5.79e-02 -2.17e-01 -2.57e-01 -9.42e-01
3435 0.090056 1.58e+06 2.31e+06 2.28e+06 2.39e-01 9.16e-01 3.21e-01 7.92e-01 -3.75e-01 4.82e-01 -5.62e-01 -1.39e-01 8.15e-01
2676 0.044701 4.01e+06 4.54e+06 4.81e+06 7.78e-01 -4.94e-01 3.89e-01 5.92e-01 3.70e-01 -7.16e-01 -2.10e-01 -7.87e-01 -5.80e-01
990 0.045673 7.60e+05 9.16e+05 8.65e+05 -4.43e-01 -8.85e-01 -1.44e-01 -1.34e-01 2.24e-01 -9.65e-01 -8.86e-01 4.09e-01 2.18e-01
724 0.067850 1.05e+05 1.31e+05 1.39e+05 9.03e-01 -3.40e-01 2.62e-01 3.25e-01 1.44e-01 -9.35e-01 -2.80e-01 -9.29e-01 -2.41e-01
1091 0.051393 7.39e+05 9.12e+05 8.97e+05 1.28e-01 9.44e-01 3.05e-01 4.98e-01 -3.27e-01 8.03e-01 -8.57e-01 -4.94e-02 5.12e-01
2220 0.083662 7.92e+05 6.49e+05 5.58e+05 3.00e-01 8.30e-01 -4.69e-01 -6.36e-01 -1.92e-01 -7.47e-01 7.11e-01 -5.23e-01 -4.71e-01
2739 0.117945 5.37e+06 8.87e+06 7.38e+06 -6.17e-01 5.71e-01 5.41e-01 1.45e-01 7.58e-01 -6.35e-01 7.73e-01 3.14e-01 5.51e-01
567 0.164551 4.66e+06 9.56e+06 8.23e+06 9.51e-01 2.65e-01 -1.59e-01 2.92e-01 -9.39e-01 1.84e-01 1.00e-01 2.21e-01 9.70e-01
1641 0.041568 1.31e+05 1.20e+05 1.11e+05 4.88e-01 -8.73e-01 -2.15e-02 -5.46e-01 -2.86e-01 -7.87e-01 -6.81e-01 -3.96e-01 6.16e-01
1210 0.086022 1.14e+05 1.37e+05 1.64e+05 5.53e-01 8.18e-01 1.58e-01 8.33e-01 -5.49e-01 -6.85e-02 -3.07e-02 -1.69e-01 9.85e-01
1400 0.083534 1.32e+06 1.59e+06 1.87e+06 3.19e-01 -9.02e-01 -2.91e-01 -1.76e-01 2.45e-01 -9.53e-01 -9.31e-01 -3.56e-01 8.04e-02
2844 0.105496 9.86e+04 1.54e+05 1.36e+05 9.79e-01 -1.78e-01 9.50e-02 -2.42e-02 -5.72e-01 -8.20e-01 -2.00e-01 -8.01e-01 5.64e-01
2585 0.157019 7.18e+04 1.41e+05 1.42e+05 1.78e-01 -7.91e-01 5.86e-01 2.89e-01 6.11e-01 7.37e-01 9.41e-01 -3.81e-02 -3.38e-01
2352 0.127602 7.88e+05 1.24e+06 1.36e+06 8.82e-01 -4.42e-01 -1.65e-01 -4.69e-01 -8.58e-01 -2.10e-01 4.84e-02 -2.63e-01 9.64e-01
348 0.057079 1.36e+05 1.07e+05 1.21e+05 9.83e-01 1.03e-01 1.49e-01 -4.94e-02 -6.38e-01 7.68e-01 -1.75e-01 7.63e-01 6.22e-01
1092 0.126136 3.86e+05 3.30e+05 2.25e+05 9.40e-01 3.42e-01 2.24e-02 3.35e-01 -9.31e-01 1.41e-01 -6.92e-02 1.25e-01 9.90e-01
614 0.115414 4.28e+06 6.04e+06 6.99e+06 3.16e-01 -9.34e-01 1.69e-01 -8.83e-01 -3.55e-01 -3.09e-01 -3.48e-01 5.15e-02 9.36e-01
3154 0.087414 3.08e+06 2.44e+06 2.14e+06 8.83e-01 4.26e-01 -1.98e-01 4.46e-01 -6.24e-01 6.42e-01 -1.50e-01 6.55e-01 7.40e-01
1698 0.066716 1.70e+05 2.01e+05 2.24e+05 7.24e-01 5.67e-01 -3.93e-01 -3.68e-01 -1.64e-01 -9.15e-01 5.84e-01 -8.07e-01 -9.03e-02
1137 0.092949 3.10e+05 4.18e+05 4.58e+05 9.39e-01 2.38e-01 2.47e-01 1.53e-01 -9.35e-01 3.20e-01 -3.08e-01 2.63e-01 9.14e-01
1071 0.107060 3.07e+05 2.58e+05 1.95e+05 8.23e-01 5.18e-01 2.34e-01 1.81e-01 1.51e-01 -9.72e-01 5.38e-01 -8.42e-01 -3.04e-02
2980 0.156654 9.48e+04 1.87e+05 1.59e+05 -3.71e-01 -8.54e-01 3.65e-01 -8.98e-01 2.30e-01 -3.74e-01 -2.36e-01 4.66e-01 8.53e-01
1259 0.106439 6.89e+05 9.44e+05 1.08e+06 9.50e-01 3.00e-01 8.39e-02 6.85e-02 -4.64e-01 8.83e-01 -3.04e-01 8.34e-01 4.61e-01
3375 0.100427 3.18e+05 4.86e+05 4.64e+05 -2.82e-01 9.37e-01 -2.04e-01 4.72e-01 -4.95e-02 -8.80e-01 8.35e-01 3.45e-01 4.28e-01
2403 0.047886 1.68e+05 1.94e+05 2.04e+05 4.63e-01 8.56e-01 2.30e-01 4.85e-01 -4.61e-01 7.43e-01 -7.42e-01 2.33e-01 6.29e-01
1730 0.155332 4.84e+06 8.87e+06 9.50e+06 5.33e-01 8.45e-01 4.68e-02 6.81e-01 -4.62e-01 5.68e-01 -5.01e-01 2.71e-01 8.22e-01
178 0.110123 1.50e+05 2.30e+05 2.39e+05 7.66e-01 6.38e-01 6.99e-02 5.98e-01 -6.69e-01 -4.42e-01 2.35e-01 -3.81e-01 8.94e-01
3408 0.165871 2.08e+05 4.30e+05 3.89e+05 6.43e-01 7.51e-01 1.52e-01 7.64e-01 -6.16e-01 -1.92e-01 5.04e-02 -2.39e-01 9.70e-01
2627 0.155851 1.83e+05 3.61e+05 3.32e+05 9.92e-01 -8.59e-02 -8.94e-02 -1.02e-01 -9.77e-01 -1.90e-01 7.10e-02 -1.97e-01 9.78e-01
1812 0.186550 3.49e+05 3.08e+05 1.53e+05 8.23e-01 5.66e-01 5.63e-02 5.11e-01 -7.79e-01 3.64e-01 -2.50e-01 2.70e-01 9.30e-01
832 0.115555 6.09e+06 8.43e+06 9.95e+06 7.54e-01 -6.18e-01 -2.22e-01 -6.23e-01 -7.80e-01 5.65e-02 2.08e-01 -9.58e-02 9.73e-01
2185 0.110994 1.99e+05 2.67e+05 3.19e+05 9.80e-01 -1.96e-01 3.60e-02 -1.64e-01 -6.88e-01 7.07e-01 1.14e-01 6.99e-01 7.06e-01
478 0.113321 4.39e+05 2.71e+05 3.02e+05 5.51e-01 -6.22e-01 5.57e-01 8.23e-01 2.93e-01 -4.87e-01 -1.40e-01 -7.26e-01 -6.73e-01
1935 0.114537 4.01e+05 2.46e+05 2.96e+05 9.47e-01 -3.19e-01 3.71e-02 -2.01e-01 -4.98e-01 8.44e-01 2.51e-01 8.06e-01 5.36e-01
2214 0.074936 8.99e+05 1.23e+06 1.09e+06 -7.05e-01 -6.85e-01 1.87e-01 -6.51e-01 5.18e-01 -5.55e-01 -2.83e-01 5.12e-01 8.11e-01
2481 0.117401 8.03e+05 6.09e+05 4.87e+05 2.44e-01 9.51e-01 1.90e-01 4.90e-01 -2.90e-01 8.22e-01 -8.37e-01 1.07e-01 5.37e-01
460 0.124724 2.46e+05 1.82e+05 1.44e+05 8.65e-01 -4.77e-01 -1.58e-01 -4.43e-01 -5.74e-01 -6.89e-01 -2.38e-01 -6.66e-01 7.07e-01
1970 0.138323 7.51e+05 1.17e+06 1.36e+06 1.72e-01 9.55e-01 2.44e-01 -5.04e-01 2.98e-01 -8.11e-01 8.47e-01 -1.66e-02 -5.32e-01
480 0.138611 1.41e+05 2.55e+05 2.20e+05 9.04e-01 3.98e-01 1.57e-01 4.00e-01 -6.57e-01 -6.39e-01 1.51e-01 -6.40e-01 7.53e-01
883 0.067106 4.68e+05 5.21e+05 6.18e+05 8.52e-01 5.18e-01 7.95e-02 2.55e-01 -5.43e-01 8.00e-01 -4.57e-01 6.61e-01 5.94e-01
2090 0.136721 9.61e+04 1.26e+05 1.73e+05 4.50e-01 -8.84e-01 -1.30e-01 -4.99e-01 -1.28e-01 -8.57e-01 -7.41e-01 -4.51e-01 4.98e-01
2667 0.063131 1.17e+06 1.42e+06 1.52e+06 8.24e-01 5.45e-01 -1.55e-01 4.79e-01 -8.16e-01 -3.24e-01 3.03e-01 -1.92e-01 9.33e-01
1399 0.043113 8.84e+04 1.05e+05 1.03e+05 -3.31e-01 8.91e-01 -3.12e-01 8.03e-01 4.39e-01 4.03e-01 -4.96e-01 1.17e-01 8.60e-01
1688 0.071145 4.02e+05 5.40e+05 5.05e+05 -8.14e-01 5.79e-01 -3.88e-02 5.70e-01 8.10e-01 1.35e-01 -1.10e-01 -8.80e-02 9.90e-01
3437 0.141247 2.76e+06 4.26e+06 5.07e+06 5.22e-01 7.70e-01 -3.67e-01 -7.07e-01 1.50e-01 -6.91e-01 4.77e-01 -6.20e-01 -6.23e-01
2777 0.085203 1.15e+06 9.78e+05 8.06e+05 6.77e-01 -7.32e-01 7.10e-02 -4.03e-01 -4.50e-01 -7.97e-01 -6.16e-01 -5.11e-01 5.99e-01
136 0.134391 3.65e+04 6.50e+04 5.33e+04 -3.55e-01 -9.29e-01 -1.06e-01 -9.20e-01 3.26e-01 2.17e-01 1.67e-01 -1.75e-01 9.70e-01
665 0.049734 8.04e+04 9.87e+04 9.67e+04 4.41e-01 8.63e-01 -2.45e-01 6.29e-01 -1.03e-01 7.71e-01 -6.40e-01 4.94e-01 5.88e-01
2150 0.088036 8.21e+03 5.68e+03 6.88e+03 -5.89e-01 6.22e-01 5.16e-01 -1.46e-01 5.46e-01 -8.25e-01 7.95e-01 5.62e-01 2.31e-01
1496 0.123211 4.51e+04 6.42e+04 7.63e+04 6.19e-01 -7.06e-01 -3.44e-01 -7.34e-01 -3.63e-01 -5.74e-01 -2.80e-01 -6.08e-01 7.43e-01
239 0.106930 1.82e+05 1.55e+05 1.16e+05 7.80e-01 6.14e-01 -1.19e-01 -3.18e-02 2.29e-01 9.73e-01 -6.24e-01 7.56e-01 -1.98e-01
3347 0.156374 1.85e+05 2.89e+05 3.64e+05 3.14e-01 8.94e-01 3.20e-01 -1.50e-01 3.79e-01 -9.13e-01 9.37e-01 -2.39e-01 -2.53e-01
3161 0.166342 4.44e+05 8.62e+05 9.19e+05 9.46e-01 -1.96e-01 2.57e-01 4.43e-03 -7.87e-01 -6.17e-01 -3.24e-01 -5.84e-01 7.44e-01
756 0.058521 1.91e+06 1.50e+06 1.56e+06 -2.09e-01 8.87e-01 -4.11e-01 2.59e-01 4.56e-01 8.52e-01 -9.43e-01 -7.14e-02 3.25e-01
2912 0.124392 3.83e+06 5.66e+06 6.52e+06 -4.05e-01 -7.39e-01 5.38e-01 5.79e-01 2.48e-01 7.76e-01 7.07e-01 -6.26e-01 -3.28e-01
1233 0.146477 1.76e+05 3.32e+05 3.20e+05 -1.02e-01 9.16e-01 -3.88e-01 7.44e-01 -1.89e-01 -6.41e-01 6.61e-01 3.54e-01 6.62e-01
843 0.044260 1.34e+05 1.61e+05 1.56e+05 6.61e-01 7.24e-01 1.97e-01 7.44e-01 -6.67e-01 -4.27e-02 -1.01e-01 -1.75e-01 9.79e-01
1437 0.080042 2.75e+05 2.51e+05 1.97e+05 8.50e-01 -5.12e-01 -1.25e-01 -4.42e-01 -5.64e-01 -6.97e-01 -2.87e-01 -6.48e-01 7.06e-01
2049 0.135719 1.24e+05 8.89e+04 6.89e+04 6.17e-01 -7.86e-01 -3.61e-02 -7.38e-02 -1.21e-02 -9.97e-01 -7.84e-01 -6.18e-01 6.54e-02
2147 0.067144 4.84e+05 4.22e+05 3.67e+05 8.07e-01 -5.82e-01 1.01e-01 -5.54e-01 -8.05e-01 -2.11e-01 -2.05e-01 -1.14e-01 9.72e-01
1836 0.107607 3.09e+06 4.77e+06 4.87e+06 7.12e-01 6.41e-01 2.86e-01 6.01e-01 -7.67e-01 2.24e-01 -3.63e-01 -1.20e-02 9.32e-01
692 0.096440 3.39e+05 2.54e+05 2.26e+05 7.47e-01 6.27e-01 -2.19e-01 1.71e-01 -5.00e-01 -8.49e-01 6.42e-01 -5.97e-01 4.81e-01
1220 0.098717 1.00e+06 1.20e+06 1.52e+06 5.52e-01 8.33e-01 4.50e-02 4.74e-01 -2.69e-01 -8.38e-01 6.86e-01 -4.84e-01 5.44e-01
2532 0.096746 7.13e+04 8.93e+04 1.07e+05 9.38e-01 -3.45e-01 -4.10e-02 -6.55e-02 -5.98e-02 -9.96e-01 -3.41e-01 -9.37e-01 7.87e-02
1226 0.104716 1.68e+06 2.62e+06 2.20e+06 -2.91e-01 8.24e-01 4.87e-01 7.50e-01 -1.20e-01 6.51e-01 -5.94e-01 -5.54e-01 5.83e-01
717 0.079746 4.69e+05 3.72e+05 3.36e+05 -6.31e-01 5.88e-01 5.07e-01 5.53e-01 7.99e-01 -2.37e-01 5.44e-01 -1.31e-01 8.29e-01
3156 0.040107 3.44e+05 3.82e+05 4.06e+05 6.03e-01 -7.08e-01 -3.68e-01 -7.91e-01 -4.71e-01 -3.91e-01 -1.03e-01 -5.26e-01 8.44e-01
1090 0.090333 8.13e+04 1.19e+05 1.10e+05 -2.40e-01 -9.25e-01 -2.96e-01 -8.03e-01 3.60e-01 -4.75e-01 -5.46e-01 -1.23e-01 8.29e-01
2370 0.101412 1.35e+05 1.70e+05 2.07e+05 5.22e-01 -8.41e-01 1.40e-01 -8.50e-01 -5.01e-01 1.62e-01 6.58e-02 2.04e-01 9.77e-01
2146 0.083985 3.15e+06 3.82e+06 4.47e+06 5.30e-01 7.01e-01 -4.78e-01 -3.74e-01 -3.13e-01 -8.73e-01 7.61e-01 -6.41e-01 -9.66e-02
1156 0.105855 1.52e+05 2.38e+05 2.13e+05 8.49e-01 -4.34e-01 3.02e-01 3.88e-01 8.99e-01 2.02e-01 3.59e-01 5.38e-02 -9.32e-01
3110 0.099922 3.48e+05 4.46e+05 5.31e+05 3.58e-01 9.30e-01 -8.19e-02 7.57e-01 -2.37e-01 6.09e-01 -5.47e-01 2.80e-01 7.89e-01
288 0.124945 1.10e+06 1.87e+06 1.67e+06 9.80e-01 -1.84e-01 7.69e-02 -1.42e-01 -3.75e-01 9.16e-01 1.40e-01 9.09e-01 3.93e-01
434 0.101056 6.86e+05 6.05e+05 4.48e+05 7.79e-01 -5.94e-01 -1.99e-01 -5.29e-01 -4.54e-01 -7.17e-01 -3.35e-01 -6.64e-01 6.68e-01
180 0.195895 3.51e+05 8.01e+05 8.40e+05 9.33e-01 -3.54e-01 7.18e-02 -3.04e-01 -6.61e-01 6.87e-01 1.95e-01 6.62e-01 7.23e-01
1718 0.126159 1.08e+06 6.31e+05 8.07e+05 -7.26e-01 6.37e-01 -2.59e-01 -5.62e-02 3.21e-01 9.46e-01 -6.85e-01 -7.01e-01 1.97e-01
3197 0.077876 6.11e+05 5.20e+05 4.42e+05 3.67e-01 9.24e-01 -1.06e-01 9.22e-01 -3.46e-01 1.75e-01 -1.25e-01 1.62e-01 9.79e-01
992 0.078939 2.06e+05 2.86e+05 2.69e+05 9.96e-01 -7.97e-02 3.00e-02 -7.82e-02 -7.17e-01 6.93e-01 3.37e-02 6.92e-01 7.21e-01
2077 0.211008 1.24e+06 3.04e+06 3.20e+06 -2.21e-01 9.72e-01 -7.48e-02 6.08e-01 7.77e-02 -7.90e-01 7.62e-01 2.20e-01 6.09e-01
2018 0.156839 4.31e+05 2.18e+05 3.11e+05 -7.06e-01 -6.65e-01 2.43e-01 -6.96e-01 5.87e-01 -4.14e-01 -1.33e-01 4.61e-01 8.77e-01
2333 0.087658 2.22e+06 2.54e+06 1.76e+06 9.89e-01 -1.28e-01 7.79e-02 6.32e-02 -1.15e-01 -9.91e-01 -1.35e-01 -9.85e-01 1.06e-01
3137 0.099820 2.62e+05 3.24e+05 3.99e+05 9.95e-01 -1.03e-01 8.29e-03 -7.73e-02 -7.96e-01 -6.00e-01 -6.83e-02 -5.97e-01 8.00e-01
2429 0.123336 3.42e+05 4.17e+05 5.79e+05 6.19e-01 7.79e-01 -9.95e-02 7.27e-01 -6.16e-01 -3.02e-01 2.97e-01 -1.14e-01 9.48e-01
1249 0.149597 3.49e+04 5.45e+04 6.67e+04 4.20e-01 -7.82e-01 -4.60e-01 -7.58e-01 -5.81e-01 2.96e-01 4.99e-01 -2.24e-01 8.37e-01
1016 0.253737 3.28e+05 1.06e+06 9.65e+05 9.67e-01 2.39e-01 8.98e-02 1.08e-01 -7.01e-01 7.05e-01 -2.31e-01 6.72e-01 7.03e-01
2382 0.102084 6.72e+05 4.37e+05 5.74e+05 -9.59e-01 2.42e-01 1.44e-01 1.67e-01 9.01e-01 -4.00e-01 2.27e-01 3.59e-01 9.05e-01
377 0.108726 3.40e+05 2.14e+05 2.76e+05 -6.19e-01 -5.91e-01 5.18e-01 6.31e-01 -7.66e-01 -1.20e-01 -4.68e-01 -2.53e-01 -8.47e-01
2128 0.120884 2.96e+05 4.96e+05 4.52e+05 7.53e-01 6.21e-01 2.16e-01 5.64e-01 -4.41e-01 -6.98e-01 3.39e-01 -6.48e-01 6.82e-01
3136 0.142922 2.51e+05 2.19e+05 1.36e+05 4.78e-01 8.74e-01 9.08e-02 -1.31e-02 1.10e-01 -9.94e-01 8.79e-01 -4.73e-01 -6.42e-02
3350 0.093539 2.40e+05 3.06e+05 3.56e+05 8.01e-01 -5.69e-01 -1.85e-01 -5.39e-02 2.39e-01 -9.69e-01 -5.96e-01 -7.87e-01 -1.61e-01
2936 0.206809 8.46e+06 2.14e+07 1.90e+07 -6.50e-01 5.43e-01 5.31e-01 2.03e-01 -5.50e-01 8.10e-01 -7.32e-01 -6.34e-01 -2.48e-01
2441 0.118300 1.27e+05 2.11e+05 2.00e+05 8.47e-01 -4.87e-01 2.14e-01 -2.43e-01 2.31e-03 9.70e-01 4.73e-01 8.73e-01 1.17e-01
3393 0.125052 4.06e+05 5.39e+05 6.92e+05 3.91e-01 9.04e-01 -1.73e-01 3.91e-01 7.38e-03 9.20e-01 -8.33e-01 4.28e-01 3.50e-01
3344 0.119947 2.57e+05 3.52e+05 4.28e+05 5.02e-01 -7.26e-01 -4.70e-01 -8.60e-01 -4.76e-01 -1.83e-01 9.07e-02 -4.96e-01 8.64e-01
1454 0.081276 2.19e+05 1.56e+05 1.79e+05 8.63e-01 5.03e-01 5.04e-02 5.00e-01 -8.37e-01 -2.21e-01 6.89e-02 -2.16e-01 9.74e-01
2425 0.081126 3.33e+04 3.97e+04 4.68e+04 8.23e-01 -5.67e-01 2.38e-02 -5.58e-01 -8.01e-01 2.18e-01 1.05e-01 1.93e-01 9.76e-01
2822 0.168336 3.62e+05 7.57e+05 6.88e+05 9.09e-01 3.49e-01 2.27e-01 3.48e-01 -9.36e-01 4.41e-02 -2.28e-01 -3.88e-02 9.73e-01
3000 0.119285 7.59e+05 1.02e+06 1.26e+06 9.57e-01 2.88e-01 4.34e-02 1.66e-01 -4.15e-01 -8.95e-01 2.40e-01 -8.63e-01 4.45e-01
757 0.121020 1.00e+06 1.68e+06 1.44e+06 -4.22e-01 6.89e-01 5.89e-01 7.25e-01 6.47e-01 -2.36e-01 5.44e-01 -3.28e-01 7.73e-01
612 0.134138 8.55e+04 1.29e+05 1.52e+05 4.53e-01 8.59e-01 2.39e-01 8.76e-01 -4.79e-01 6.20e-02 -1.68e-01 -1.82e-01 9.69e-01
689 0.057654 1.02e+06 8.01e+05 8.79e+05 8.39e-01 5.10e-01 1.88e-01 5.26e-01 -8.50e-01 -4.17e-02 -1.38e-01 -1.34e-01 9.81e-01
294 0.106518 5.26e+04 7.15e+04 8.25e+04 9.51e-01 2.91e-01 1.05e-01 1.60e-01 -7.54e-01 6.37e-01 -2.64e-01 5.90e-01 7.63e-01
2998 0.067636 1.06e+06 9.89e+05 8.00e+05 6.57e-01 7.54e-01 2.92e-02 6.02e-01 -5.01e-01 -6.22e-01 4.54e-01 -4.26e-01 7.83e-01
2551 0.231863 1.51e+05 4.15e+05 4.34e+05 -4.73e-01 7.28e-01 4.96e-01 5.66e-01 -1.80e-01 8.05e-01 -6.75e-01 -6.61e-01 3.27e-01
1467 0.085513 1.44e+06 1.26e+06 1.01e+06 8.22e-01 5.68e-01 -4.27e-02 1.63e-01 -3.06e-01 -9.38e-01 5.46e-01 -7.64e-01 3.44e-01
1434 0.103362 1.63e+05 2.14e+05 2.52e+05 8.34e-01 4.67e-01 -2.94e-01 -2.08e-01 7.59e-01 6.17e-01 -5.11e-01 4.53e-01 -7.30e-01
1937 0.150687 1.65e+05 2.61e+05 3.17e+05 4.25e-01 -8.56e-01 -2.94e-01 -3.37e-01 -4.51e-01 8.26e-01 8.40e-01 2.52e-01 4.80e-01
3214 0.173992 6.97e+05 1.39e+06 1.50e+06 7.56e-01 4.86e-01 4.38e-01 9.73e-02 -7.45e-01 6.59e-01 -6.47e-01 4.56e-01 6.11e-01
1775 0.095178 4.90e+04 7.31e+04 6.47e+04 9.87e-01 1.58e-01 -1.40e-02 8.29e-02 -5.91e-01 -8.03e-01 1.35e-01 -7.91e-01 5.96e-01
25 0.132457 7.89e+03 1.39e+04 1.19e+04 9.90e-01 1.14e-01 8.78e-02 1.26e-01 -9.81e-01 -1.48e-01 -6.93e-02 -1.57e-01 9.85e-01
793 0.117968 7.14e+05 1.04e+06 1.18e+06 5.57e-01 -7.62e-01 -3.32e-01 -6.86e-01 -6.47e-01 3.33e-01 4.68e-01 -4.20e-02 8.83e-01
275 0.108175 1.20e+05 1.90e+05 1.67e+05 -3.32e-01 8.60e-01 -3.88e-01 9.38e-01 2.55e-01 -2.36e-01 1.03e-01 4.42e-01 8.91e-01
3349 0.056763 4.44e+05 5.61e+05 5.22e+05 -5.21e-01 -7.87e-01 -3.30e-01 -7.44e-01 6.08e-01 -2.75e-01 -4.17e-01 -1.02e-01 9.03e-01
1910 0.099726 6.61e+04 1.01e+05 8.57e+04 -8.96e-01 4.02e-01 -1.90e-01 4.29e-01 8.93e-01 -1.32e-01 -1.17e-01 2.00e-01 9.73e-01
3076 0.086689 1.57e+05 1.09e+05 1.27e+05 2.62e-01 9.64e-01 5.22e-02 5.57e-01 -1.95e-01 8.07e-01 -7.88e-01 1.82e-01 5.88e-01
2991 0.142656 1.11e+06 2.06e+06 1.75e+06 9.09e-01 -4.15e-01 2.34e-02 -1.23e-01 -3.22e-01 -9.39e-01 -3.97e-01 -8.51e-01 3.44e-01
3341 0.124324 1.17e+06 6.90e+05 9.23e+05 3.74e-01 7.73e-01 -5.12e-01 5.28e-01 -6.32e-01 -5.67e-01 7.62e-01 5.81e-02 6.45e-01
461 0.177413 8.27e+04 1.81e+05 1.50e+05 9.36e-01 -3.39e-01 -9.82e-02 -3.53e-01 -9.09e-01 -2.23e-01 1.37e-02 -2.43e-01 9.70e-01
2 0.107727 2.78e+04 1.76e+04 2.10e+04 -4.86e-01 8.26e-01 2.86e-01 2.22e-01 4.33e-01 -8.74e-01 8.45e-01 3.61e-01 3.94e-01
1397 0.096437 1.98e+06 1.64e+06 1.32e+06 8.58e-01 5.13e-01 -1.28e-02 3.53e-01 -5.72e-01 7.41e-01 -3.73e-01 6.40e-01 6.72e-01
125 0.112423 1.95e+05 2.88e+05 3.14e+05 2.87e-01 9.06e-01 -3.10e-01 9.10e-01 -1.57e-01 3.83e-01 -2.99e-01 3.92e-01 8.70e-01
767 0.081902 7.76e+05 1.09e+06 9.94e+05 4.27e-01 7.63e-01 4.85e-01 5.65e-01 1.94e-01 -8.02e-01 7.06e-01 -6.17e-01 3.48e-01
994 0.104650 1.31e+05 2.04e+05 1.77e+05 -8.79e-01 4.10e-01 2.41e-01 4.54e-01 5.70e-01 6.85e-01 -1.44e-01 -7.12e-01 6.88e-01
3097 0.148163 1.32e+05 2.51e+05 2.15e+05 9.54e-01 -2.26e-01 -1.98e-01 -2.94e-01 -5.73e-01 -7.65e-01 -5.92e-02 -7.88e-01 6.13e-01
2966 0.160054 6.80e+05 5.61e+05 3.38e+05 4.38e-01 -8.89e-01 1.32e-01 -7.07e-01 -2.50e-01 6.61e-01 5.55e-01 3.83e-01 7.38e-01
446 0.101604 4.13e+05 6.34e+05 5.81e+05 -2.38e-01 -9.71e-01 1.27e-03 -8.32e-01 2.03e-01 -5.17e-01 -5.01e-01 1.24e-01 8.56e-01
2443 0.110685 9.18e+04 1.47e+05 1.25e+05 5.73e-01 -8.18e-01 5.37e-02 -6.96e-01 -5.20e-01 -4.95e-01 -4.33e-01 -2.46e-01 8.67e-01
1806 0.091807 9.78e+04 1.32e+05 1.44e+05 7.39e-01 -6.48e-01 1.87e-01 -1.82e-01 7.56e-02 9.80e-01 6.49e-01 7.58e-01 6.18e-02
688 0.131143 1.96e+05 3.25e+05 3.44e+05 -3.87e-01 9.18e-01 9.14e-02 4.02e-01 7.82e-02 9.12e-01 -8.30e-01 -3.89e-01 3.99e-01
86 0.165492 1.11e+05 2.29e+05 2.02e+05 -7.51e-01 5.85e-01 -3.08e-01 6.22e-01 4.67e-01 -6.29e-01 2.24e-01 6.64e-01 7.14e-01
2934 0.148746 6.24e+04 1.19e+05 1.10e+05 -1.89e-01 9.82e-01 2.94e-02 3.34e-01 9.24e-02 -9.38e-01 9.24e-01 1.68e-01 3.45e-01
1625 0.159919 1.40e+05 6.96e+04 1.09e+05 9.11e-01 -3.56e-01 -2.07e-01 -2.89e-01 -9.11e-01 2.94e-01 2.93e-01 2.08e-01 9.33e-01
2717 0.100943 1.08e+05 8.53e+04 7.07e+04 3.39e-01 -9.07e-01 2.50e-01 -4.65e-01 -3.92e-01 -7.94e-01 -8.18e-01 -1.53e-01 5.55e-01
1532 0.149198 5.16e+04 9.84e+04 9.39e+04 9.38e-01 -3.46e-01 -3.38e-02 -2.47e-01 -7.32e-01 6.35e-01 2.44e-01 5.87e-01 7.72e-01
1694 0.060789 5.63e+05 4.86e+05 4.38e+05 3.15e-01 -8.39e-01 4.44e-01 1.30e-01 -4.25e-01 -8.96e-01 -9.40e-01 -3.40e-01 2.53e-02
2955 0.119019 3.57e+04 5.93e+04 5.75e+04 9.31e-01 -3.55e-01 -8.76e-02 -1.26e-01 -5.36e-01 8.35e-01 3.44e-01 7.66e-01 5.43e-01
3030 0.199198 1.66e+06 4.04e+06 3.72e+06 -1.45e-01 -9.89e-01 1.07e-02 -5.84e-03 1.16e-02 1.00e+00 9.89e-01 -1.45e-01 7.47e-03
274 0.153544 1.79e+05 9.17e+04 1.33e+05 -9.08e-01 4.18e-01 -2.92e-02 2.17e-01 5.29e-01 8.20e-01 -3.59e-01 -7.38e-01 5.71e-01
148 0.187868 1.54e+05 3.33e+05 3.53e+05 1.74e-01 -8.56e-01 4.86e-01 9.11e-01 -4.73e-02 -4.10e-01 -3.74e-01 -5.15e-01 -7.72e-01
2630 0.094928 1.93e+06 2.68e+06 2.87e+06 7.94e-01 5.54e-01 -2.52e-01 3.11e-01 -7.25e-01 -6.14e-01 5.23e-01 -4.09e-01 7.48e-01
1599 0.255099 1.15e+06 3.73e+06 3.60e+06 4.38e-01 8.69e-01 2.31e-01 8.47e-01 -3.13e-01 -4.30e-01 3.01e-01 -3.84e-01 8.73e-01
2152 0.190826 3.90e+05 7.46e+05 9.09e+05 7.71e-01 -5.10e-01 3.82e-01 4.06e-01 8.55e-01 3.23e-01 4.91e-01 9.33e-02 -8.66e-01
2248 0.117306 5.43e+04 8.94e+04 8.32e+04 -1.41e-01 7.95e-01 5.90e-01 6.05e-01 5.41e-01 -5.84e-01 7.83e-01 -2.75e-01 5.58e-01
2847 0.081355 1.13e+05 8.76e+04 8.08e+04 5.27e-01 -6.28e-01 5.72e-01 8.31e-01 5.24e-01 -1.89e-01 1.81e-01 -5.75e-01 -7.98e-01
2825 0.126285 2.80e+05 4.13e+05 4.81e+05 4.27e-01 8.84e-01 1.91e-01 8.44e-01 -3.14e-01 -4.34e-01 3.24e-01 -3.47e-01 8.80e-01
2130 0.245269 8.69e+04 2.53e+05 2.68e+05 7.89e-01 5.63e-01 2.48e-01 5.68e-01 -8.21e-01 5.60e-02 -2.35e-01 -9.67e-02 9.67e-01
1199 0.122156 3.38e+05 5.48e+05 5.69e+05 5.80e-01 7.16e-01 -3.88e-01 7.32e-01 -6.68e-01 -1.37e-01 3.58e-01 2.05e-01 9.11e-01
896 0.093025 1.16e+06 7.88e+05 9.54e+05 -8.64e-01 3.71e-01 -3.39e-01 4.75e-01 8.25e-01 -3.07e-01 -1.66e-01 4.26e-01 8.89e-01
2098 0.089438 5.99e+04 4.11e+04 5.39e+04 9.85e-01 7.61e-02 -1.55e-01 1.68e-01 -6.34e-01 7.55e-01 4.11e-02 7.69e-01 6.38e-01
3275 0.096064 4.29e+05 5.50e+05 6.43e+05 7.86e-01 5.89e-01 -1.86e-01 5.44e-01 -5.18e-01 6.60e-01 -2.93e-01 6.20e-01 7.28e-01
2722 0.146684 6.21e+05 1.02e+06 1.17e+06 8.45e-01 -5.24e-01 1.04e-01 -4.45e-01 -7.98e-01 -4.07e-01 -2.96e-01 -2.98e-01 9.07e-01
1609 0.150032 3.01e+04 5.76e+04 4.60e+04 -8.92e-01 4.52e-01 1.71e-02 3.29e-01 6.75e-01 -6.60e-01 3.10e-01 5.83e-01 7.51e-01
1952 0.086383 4.82e+05 3.35e+05 3.84e+05 -7.18e-01 -5.17e-01 4.66e-01 6.18e-01 -7.81e-01 8.69e-02 -3.19e-01 -3.51e-01 -8.80e-01
3165 0.213302 4.50e+05 1.18e+06 1.12e+06 3.00e-02 9.90e-01 -1.35e-01 9.54e-01 -6.87e-02 -2.92e-01 2.98e-01 1.20e-01 9.47e-01
1026 0.114567 2.45e+05 3.48e+05 3.99e+05 9.22e-01 -2.98e-01 2.49e-01 3.68e-01 4.69e-01 -8.03e-01 -1.23e-01 -8.32e-01 -5.42e-01
2507 0.073252 3.23e+05 2.62e+05 2.38e+05 -4.26e-01 -7.31e-01 5.33e-01 6.16e-01 -6.66e-01 -4.21e-01 -6.63e-01 -1.49e-01 -7.34e-01
1789 0.114631 4.58e+05 3.65e+05 2.82e+05 -4.36e-01 7.40e-01 5.13e-01 8.87e-01 4.49e-01 1.07e-01 1.51e-01 -5.02e-01 8.52e-01
1840 0.131000 1.50e+05 2.64e+05 2.11e+05 -8.56e-01 -4.81e-01 1.88e-01 -1.68e-01 6.03e-01 7.80e-01 4.89e-01 -6.36e-01 5.97e-01
1961 0.128810 3.82e+05 5.29e+05 6.63e+05 9.24e-01 3.38e-01 -1.82e-01 -3.54e-01 5.71e-01 -7.41e-01 1.47e-01 -7.48e-01 -6.47e-01
3456 0.107957 3.96e+05 5.55e+05 6.25e+05 7.60e-01 5.79e-01 2.95e-01 5.86e-01 -8.07e-01 7.18e-02 -2.80e-01 -1.18e-01 9.53e-01
3058 0.129321 4.29e+05 6.12e+05 7.47e+05 5.73e-01 8.03e-01 -1.65e-01 7.00e-01 -5.84e-01 -4.10e-01 4.26e-01 -1.19e-01 8.97e-01
528 0.165600 3.09e+05 6.37e+05 5.55e+05 -2.79e-01 -9.05e-01 -3.22e-01 -4.85e-01 4.22e-01 -7.66e-01 -8.29e-01 5.78e-02 5.56e-01
1788 0.112573 2.33e+04 3.76e+04 3.42e+04 -3.29e-01 9.03e-01 2.77e-01 3.70e-01 3.94e-01 -8.41e-01 8.69e-01 1.74e-01 4.64e-01
3127 0.114873 1.41e+06 1.04e+06 8.67e+05 -4.79e-01 -6.84e-01 5.50e-01 6.43e-01 1.53e-01 7.51e-01 5.98e-01 -7.13e-01 -3.66e-01
3172 0.089459 1.99e+05 2.69e+05 2.90e+05 -5.05e-01 7.77e-01 -3.75e-01 2.44e-01 5.45e-01 8.02e-01 -8.28e-01 -3.14e-01 4.65e-01
2941 0.073261 4.07e+05 3.00e+05 3.53e+05 6.45e-01 6.58e-01 3.88e-01 6.81e-01 -7.26e-01 9.77e-02 -3.46e-01 -2.01e-01 9.17e-01
108 0.241040 1.96e+05 5.90e+05 5.77e+05 3.38e-01 9.25e-01 -1.76e-01 8.62e-01 -3.79e-01 -3.37e-01 3.78e-01 3.77e-02 9.25e-01
535 0.071068 2.06e+05 1.54e+05 1.74e+05 9.53e-01 2.16e-01 2.12e-01 2.68e-02 -7.58e-01 6.52e-01 -3.02e-01 6.16e-01 7.28e-01
2034 0.233403 7.69e+05 2.04e+06 2.23e+06 8.57e-01 -3.80e-01 -3.48e-01 -1.57e-01 4.51e-01 -8.79e-01 -4.91e-01 -8.08e-01 -3.27e-01
2713 0.063885 1.77e+05 1.36e+05 1.44e+05 -1.42e-01 8.89e-01 4.35e-01 7.86e-01 3.68e-01 -4.97e-01 6.02e-01 -2.71e-01 7.51e-01
1464 0.111107 2.47e+06 3.96e+06 3.22e+06 5.66e-01 -6.81e-01 -4.64e-01 -7.09e-01 -6.90e-01 1.47e-01 4.21e-01 -2.46e-01 8.73e-01
3302 0.083303 3.80e+04 5.28e+04 5.38e+04 3.92e-01 -6.69e-01 6.31e-01 7.92e-01 -1.04e-01 -6.02e-01 -4.68e-01 -7.36e-01 -4.89e-01
